0    4.35519
50    2.05501
100    2.05062
150    1.88553
200    1.88177
250    1.95747
300    1.98796
350    1.90397
400    1.90737
450    1.85776
500    1.84393
550    1.92582
600    1.83042
650    1.9739
700    1.8298
750    1.90655
800    1.8505
850    1.8226
900    1.89199
950    1.8816
1000    1.75692
1050    1.884
1100    1.84321
1150    1.68586
1200    1.68903
1250    1.82001
1300    1.58798
1350    1.71929
1400    1.64273
1450    1.72381
1500    1.59041
1550    1.69376
1600    1.64165
1650    1.77076
1700    1.84073
1750    1.67694
1800    1.62401
1850    1.63635
1900    1.691
1950    1.65244
2000    1.7031
2050    1.69057
2100    1.64916
2150    1.61268
2200    1.57562
2250    1.56249
2300    1.53706
2350    1.53191
2400    1.49907
2450    1.60029
2500    1.6734
2550    1.63845
2600    1.58382
2650    1.63078
2700    1.51632
2750    1.63194
2800    1.62485
2850    1.45958
2900    1.60979
2950    1.66664
3000    1.58427
3050    1.56603
3100    1.52043
3150    1.66691
3200    1.69327
3250    1.58456
3300    1.60114
3350    1.62576
3400    1.57374
3450    1.57855
3500    1.68168
3550    1.54454
3600    1.58854
3650    1.52935
3700    1.64438
3750    1.53463
3800    1.57142
3850    1.48075
3900    1.72122
3950    1.61606
4000    1.47988
4050    1.55214
4100    1.62366
4150    1.54618
4200    1.76427
4250    1.54163
4300    1.57939
4350    1.50942
4400    1.60963
4450    1.53304
4500    1.73704
4550    1.63669
4600    1.49946
4650    1.46912
4700    1.51278
4750    1.56967
4800    1.59766
4850    1.67849
4900    1.48298
4950    1.47031
5000    1.46567
5050    1.48556
5100    1.55896
5150    1.5975
5200    1.4617
5250    1.44005
5300    1.45778
5350    1.45919
5400    1.55513
5450    1.42123
5500    1.47686
5550    1.56882
5600    1.54157
5650    1.49009
5700    1.43844
5750    1.50661
5800    1.54824
5850    1.49107
5900    1.44866
5950    1.49499
6000    1.56017
6050    1.49216
6100    1.61743
6150    1.425
6200    1.52652
6250    1.48092
6300    1.50231
6350    1.43171
6400    1.49706
6450    1.49615
6500    1.47463
6550    1.46974
6600    1.53444
6650    1.39725
6700    1.49955
6750    1.37294
6800    1.34645
6850    1.42435
6900    1.48916
6950    1.54867
7000    1.44295
7050    1.49572
7100    1.44184
7150    1.51367
7200    1.402
7250    1.46785
7300    1.43943
7350    1.45399
7400    1.44764
7450    1.54043
7500    1.55671
7550    1.50578
7600    1.38359
7650    1.42677
7700    1.41534
7750    1.48497
7800    1.46422
7850    1.48696
7900    1.38816
7950    1.40037
8000    1.36558
8050    1.47594
8100    1.52087
8150    1.46229
8200    1.38511
8250    1.38955
8300    1.34783
8350    1.30214
8400    1.44838
8450    1.49193
8500    1.43095
8550    1.47576
8600    1.43816
8650    1.34431
8700    1.3808
8750    1.42351
8800    1.46696
8850    1.33001
8900    1.48345
8950    1.4178
9000    1.35246
9050    1.39502
9100    1.31497
9150    1.47051
9200    1.38542
9250    1.43405
9300    1.44146
9350    1.44039
9400    1.44812
9450    1.34485
9500    1.40307
9550    1.35593
9600    1.32694
9650    1.33525
9700    1.36541
9750    1.47867
9800    1.38619
9850    1.37193
9900    1.3451
9950    1.34123
10000    1.42582
10050    1.45259
10100    1.45629
10150    1.34449
10200    1.51335
10250    1.39558
10300    1.43208
10350    1.34628
10400    1.57273
10450    1.38584
10500    1.30945
10550    1.29294
10600    1.40423
10650    1.32375
10700    1.46756
10750    1.44755
10800    1.27018
10850    1.27744
10900    1.39541
10950    1.37503
11000    1.36318
11050    1.25036
11100    1.35256
11150    1.41868
11200    1.30763
11250    1.51312
11300    1.40252
11350    1.20734
11400    1.36743
11450    1.34334
11500    1.30096
11550    1.31396
11600    1.28076
11650    1.31378
11700    1.35153
11750    1.36797
11800    1.33172
11850    1.33328
11900    1.35358
11950    1.32065
12000    1.26659
12050    1.25127
12100    1.28773
12150    1.23309
12200    1.27197
12250    1.39188
12300    1.32378
12350    1.34786
12400    1.33355
12450    1.35368
12500    1.36685
12550    1.30353
12600    1.33699
12650    1.35113
12700    1.49812
12750    1.36726
12800    1.3418
12850    1.32645
12900    1.39807
12950    1.43286
13000    1.31795
13050    1.27818
13100    1.29287
13150    1.32033
13200    1.41696
13250    1.20627
13300    1.36496
13350    1.28564
13400    1.2434
13450    1.29444
13500    1.27724
13550    1.265
13600    1.31842
13650    1.29295
13700    1.28641
13750    1.27862
13800    1.22043
13850    1.36767
13900    1.22516
13950    1.24767
14000    1.29498
14050    1.22097
14100    1.30414
14150    1.32753
14200    1.25632
14250    1.31127
14300    1.29247
14350    1.27885
14400    1.36118
14450    1.32623
14500    1.38388
14550    1.25197
14600    1.34386
14650    1.3515
14700    1.29886
14750    1.31203
14800    1.39482
14850    1.22401
14900    1.19624
14950    1.25209
15000    1.20082
15050    1.31697
15100    1.29625
15150    1.25341
15200    1.33254
15250    1.32664
15300    1.25158
15350    1.30798
15400    1.18215
15450    1.29908
15500    1.23763
15550    1.31653
15600    1.27109
15650    1.34256
15700    1.29846
15750    1.28728
15800    1.24323
15850    1.25997
15900    1.24064
15950    1.25092
16000    1.29521
16050    1.25671
16100    1.24896
16150    1.23203
16200    1.24221
16250    1.31479
16300    1.32818
16350    1.27847
16400    1.24382
16450    1.23688
16500    1.18794
16550    1.17648
16600    1.37571
16650    1.21191
16700    1.2468
16750    1.24905
16800    1.23194
16850    1.20946
16900    1.2958
16950    1.27163
17000    1.23423
17050    1.22579
17100    1.20536
17150    1.24828
17200    1.18216
17250    1.23156
17300    1.13484
17350    1.30604
17400    1.20926
17450    1.17076
17500    1.24662
17550    1.27089
17600    1.22154
17650    1.23271
17700    1.2013
17750    1.1977
17800    1.17896
17850    1.21443
17900    1.18887
17950    1.26662
18000    1.18494
18050    1.26905
18100    1.32957
18150    1.18453
18200    1.16767
18250    1.15834
18300    1.17492
18350    1.21553
18400    1.19649
18450    1.19018
18500    1.17729
18550    1.18226
18600    1.20977
18650    1.21385
18700    1.17277
18750    1.17298
18800    1.09475
18850    1.1718
18900    1.18355
18950    1.10818
19000    1.2148
19050    1.19212
19100    1.1455
19150    1.27581
19200    1.20695
19250    1.2242
19300    1.20975
19350    1.17875
19400    1.22892
19450    1.23949
19500    1.17528
19550    1.19879
19600    1.23637
19650    1.14256
19700    1.20177
19750    1.17493
19800    1.17379
19850    1.15919
19900    1.1801
19950    1.2104
20000    1.15098
20050    1.1873
20100    1.11949
20150    1.23525
20200    1.24981
20250    1.21062
20300    1.19555
20350    1.14791
20400    1.26122
20450    1.16296
20500    1.21447
20550    1.11908
20600    1.26063
20650    1.1939
20700    1.17761
20750    1.18625
20800    1.28339
20850    1.1583
20900    1.16069
20950    1.16752
21000    1.10121
21050    1.21394
21100    1.20352
21150    1.30253
21200    1.13751
21250    1.16137
21300    1.15417
21350    1.18045
21400    1.1185
21450    1.09467
21500    1.11476
21550    1.09198
21600    1.15836
21650    1.16157
21700    1.21777
21750    1.11826
21800    1.15637
21850    1.17332
21900    1.18283
21950    1.19008
22000    1.07636
22050    1.09173
22100    1.15744
22150    1.15144
22200    1.21088
22250    1.18439
22300    1.17795
22350    1.12471
22400    1.12731
22450    1.07857
22500    1.17806
22550    1.08117
22600    1.06138
22650    1.13
22700    1.20409
22750    1.25811
22800    1.13905
22850    1.17692
22900    1.1583
22950    1.23834
23000    1.16206
23050    1.19822
23100    1.10978
23150    1.15039
23200    1.017
23250    1.14455
23300    1.12552
23350    1.22037
23400    1.08182
23450    1.18153
23500    1.05624
23550    1.09869
23600    1.16604
23650    1.17031
23700    1.14912
23750    1.06624
23800    1.14216
23850    1.13544
23900    1.13609
23950    1.04999
24000    1.14463
24050    1.10514
24100    1.16865
24150    1.11194
24200    1.14146
24250    1.15466
24300    1.16835
24350    1.14927
24400    1.10461
24450    1.13694
24500    1.02568
24550    1.11131
24600    1.09282
24650    1.0908
24700    1.06438
24750    1.09579
24800    1.06531
24850    1.05847
24900    1.14715
24950    1.08661
25000    1.14003
25050    1.07666
25100    1.08078
25150    1.17763
25200    1.06058
25250    1.07891
25300    1.14716
25350    1.03551
25400    1.11093
25450    1.15482
25500    1.1605
25550    1.06089
25600    1.10969
25650    1.17484
25700    1.10368
25750    1.11528
25800    1.10453
25850    1.06183
25900    1.08577
25950    1.08732
26000    1.06323
26050    1.08968
26100    1.11801
26150    1.07463
26200    1.09458
26250    1.10966
26300    1.11876
26350    1.08523
26400    1.1156
26450    1.07385
26500    1.12523
26550    1.16035
26600    1.17148
26650    1.13394
26700    1.08889
26750    1.07389
26800    1.12397
26850    1.09332
26900    1.04516
26950    1.06541
27000    1.01805
27050    1.11089
27100    1.05575
27150    1.07763
27200    1.10216
27250    1.11124
27300    0.999789
27350    1.07302
27400    1.06555
27450    1.07224
27500    1.08972
27550    1.06221
27600    1.15273
27650    1.13829
27700    1.07097
27750    1.0809
27800    1.1522
27850    1.12146
27900    1.05346
27950    1.01771
28000    1.12267
28050    1.02047
28100    1.09562
28150    1.11452
28200    1.09343
28250    1.10882
28300    1.08409
28350    1.13704
28400    1.11042
28450    1.10211
28500    1.07859
28550    1.09258
28600    1.09238
28650    1.06724
28700    1.07758
28750    1.07361
28800    1.02565
28850    1.10787
28900    1.10235
28950    1.06925
29000    1.08583
29050    1.07878
29100    1.08824
29150    1.0864
29200    1.09605
29250    1.07646
29300    1.03754
29350    1.11375
29400    1.09538
29450    1.03009
29500    1.04692
29550    1.03486
29600    1.09076
29650    1.09867
29700    1.06285
29750    1.11486
29800    1.11089
29850    1.09983
29900    1.01902
29950    1.06542
30000    1.12396
30050    1.02816
30100    1.07978
30150    1.07134
30200    1.05132
30250    1.07001
30300    1.05581
30350    1.09634
30400    1.09978
30450    0.998484
30500    1.11557
30550    1.08958
30600    1.04164
30650    1.06357
30700    1.04364
30750    1.03524
30800    1.16494
30850    0.968008
30900    1.03891
30950    1.05936
31000    1.02281
31050    1.10281
31100    1.08695
31150    1.05753
31200    1.02754
31250    1.03061
31300    1.05757
31350    1.09295
31400    1.06961
31450    0.995512
31500    1.10029
31550    1.06072
31600    1.0113
31650    1.11424
31700    1.05286
31750    1.00142
31800    1.01885
31850    1.07295
31900    0.997539
31950    1.04996
32000    1.04272
32050    1.09937
32100    1.07798
32150    0.987252
32200    1.01991
32250    1.04161
32300    1.04009
32350    1.07081
32400    1.00619
32450    1.06485
32500    1.07379
32550    1.10362
32600    1.06191
32650    1.03251
32700    1.05337
32750    1.09627
32800    1.01185
32850    1.00865
32900    1.01433
32950    1.08727
33000    0.99308
33050    1.0395
33100    1.00861
33150    0.983965
33200    1.04735
33250    1.00775
33300    1.08524
33350    1.04483
33400    0.988838
33450    1.01276
33500    1.05581
33550    1.01999
33600    1.03882
33650    1.05007
33700    1.06609
33750    1.04361
33800    1.08079
33850    0.963979
33900    1.02522
33950    1.05905
34000    0.992998
34050    1.03004
34100    1.01513
34150    1.0392
34200    1.01061
34250    1.0472
34300    1.06303
34350    1.01343
34400    1.02052
34450    0.993778
34500    1.0082
34550    1.04953
34600    1.01283
34650    1.03062
34700    1.06092
34750    1.04602
34800    1.04262
34850    1.01179
34900    1.00592
34950    0.978393
35000    1.04159
35050    1.01184
35100    1.04643
35150    1.06248
35200    0.987783
35250    1.06425
35300    1.03155
35350    1.05869
35400    1.03765
35450    1.02509
35500    1.04103
35550    1.07257
35600    1.08091
35650    0.998178
35700    1.01325
35750    1.0228
35800    1.0438
35850    1.03079
35900    1.0037
35950    1.07552
36000    1.01967
36050    1.01978
36100    1.01029
36150    0.979938
36200    0.986598
36250    1.04251
36300    1.04818
36350    0.999479
36400    1.01223
36450    1.02514
36500    0.993669
36550    1.01363
36600    1.0271
36650    1.03038
36700    1.10375
36750    0.988621
36800    0.959235
36850    1.03362
36900    0.989343
36950    1.00615
37000    1.03899
37050    1.011
37100    1.00904
37150    1.05972
37200    0.990923
37250    1.01085
37300    1.00945
37350    0.965374
37400    1.07365
37450    0.992145
37500    1.04656
37550    1.01699
37600    0.998972
37650    1.02933
37700    1.01919
37750    1.00731
37800    1.08247
37850    1.05012
37900    1.0237
37950    1.08293
38000    0.976545
38050    0.953812
38100    1.00447
38150    0.999917
38200    1.00489
38250    0.989817
38300    1.00042
38350    0.991511
38400    0.943099
38450    1.04124
38500    1.01976
38550    1.00705
38600    0.977981
38650    1.00513
38700    1.04023
38750    0.963535
38800    0.982696
38850    1.04258
38900    1.01437
38950    0.970627
39000    0.983799
39050    1.03683
39100    0.982992
39150    1.01736
39200    0.94436
39250    1.00879
39300    0.964665
39350    1.05756
39400    1.01138
39450    1.04852
39500    0.987818
39550    1.00842
39600    0.97666
39650    0.94997
39700    0.981682
39750    1.02395
39800    1.04239
39850    0.928775
39900    0.966517
39950    1.00704
40000    1.07864
40050    1.01349
40100    0.966266
40150    1.04223
40200    0.92565
40250    0.96302
40300    0.964841
40350    1.05277
40400    0.950201
40450    0.986387
40500    1.048
40550    0.999164
40600    0.973166
40650    1.0091
40700    0.962338
40750    1.00409
40800    0.956219
40850    0.963511
40900    1.00976
40950    1.01516
41000    0.991356
41050    1.024
41100    0.998408
41150    0.98014
41200    0.987703
41250    0.997574
41300    1.02304
41350    0.98918
41400    0.987668
41450    0.968203
41500    0.959662
41550    0.960825
41600    0.975962
41650    0.967592
41700    0.999474
41750    0.962404
41800    0.984204
41850    0.999234
41900    1.01502
41950    1.01314
42000    0.964655
42050    1.02261
42100    1.00666
42150    1.02861
42200    1.02053
42250    0.945766
42300    0.943967
42350    1.03149
42400    0.994765
42450    0.970978
42500    0.983926
42550    1.008
42600    1.03455
42650    0.992061
42700    0.984458
42750    0.9872
42800    1.04564
42850    0.939092
42900    0.994393
42950    0.974942
43000    0.965683
43050    0.976686
43100    0.96151
43150    0.985863
43200    0.975808
43250    0.938168
43300    1.01588
43350    1.01755
43400    0.984667
43450    0.973197
43500    0.990049
43550    0.98387
43600    0.9741
43650    0.997156
43700    0.958305
43750    1.02688
43800    0.978487
43850    0.929933
43900    0.94506
43950    0.917417
44000    0.981069
44050    0.959672
44100    0.987206
44150    0.929186
44200    0.9851
44250    0.946129
44300    0.953175
44350    1.0075
44400    0.993614
44450    0.931805
44500    0.988146
44550    0.99237
44600    0.953255
44650    0.976548
44700    0.906168
44750    0.943757
44800    0.950112
44850    0.995977
44900    0.950307
44950    0.987025
45000    0.986414
45050    0.980163
45100    0.978451
45150    0.970524
45200    0.991332
45250    1.03023
45300    0.98959
45350    0.963607
45400    0.966106
45450    0.957481
45500    0.987329
45550    0.928101
45600    0.978528
45650    1.0243
45700    0.98038
45750    0.973885
45800    0.97018
45850    0.956251
45900    0.99657
45950    0.936281
46000    0.952267
46050    1.00268
46100    0.964791
46150    0.938543
46200    0.964717
46250    0.943463
46300    0.956605
46350    0.980069
46400    1.00518
46450    0.932401
46500    1.03156
46550    0.941165
46600    0.905741
46650    0.90922
46700    0.964674
46750    0.994654
46800    0.943924
46850    0.953524
46900    0.978393
46950    0.994027
47000    0.93789
47050    1.02886
47100    0.96679
47150    1.00413
47200    0.96113
47250    0.980435
47300    0.916939
47350    0.992748
47400    0.989762
47450    0.994669
47500    0.951764
47550    0.97218
47600    0.944446
47650    0.925093
47700    0.917327
47750    0.951802
47800    0.950327
47850    0.980823
47900    0.941545
47950    0.960168
48000    0.914477
48050    0.956759
48100    0.968739
48150    0.96116
48200    0.971731
48250    0.970676
48300    0.929
48350    0.939256
48400    0.928842
48450    0.96608
48500    0.973935
48550    0.963069
48600    0.932329
48650    0.970023
48700    0.966334
48750    0.958046
48800    0.976803
48850    0.947129
48900    0.941772
48950    0.915503
49000    0.898196
49050    0.975588
49100    0.918153
49150    0.951052
49200    0.98487
49250    0.960113
49300    0.933903
49350    0.962408
49400    0.998565
49450    0.995883
49500    0.944317
49550    0.93011
49600    0.90941
49650    0.968213
49700    0.9506
49750    0.988178
49800    0.944018
49850    0.929501
49900    0.988061
49950    1.01687
50000    0.949619
50050    0.940395
50100    0.948635
50150    0.941049
50200    0.955102
50250    0.976068
50300    0.959833
50350    0.946973
50400    0.96069
50450    0.965157
50500    0.983536
50550    0.957453
50600    1.06762
50650    0.927746
50700    0.967432
50750    0.959739
50800    0.910382
50850    0.935694
50900    0.942234
50950    0.961423
51000    0.959097
51050    0.956043
51100    0.955281
51150    0.955189
51200    0.926055
51250    0.924244
51300    0.971166
51350    1.00458
51400    0.938854
51450    0.940238
51500    0.952256
51550    0.909818
51600    0.95643
51650    0.983228
51700    0.955547
51750    1.008
51800    0.976703
51850    0.913752
51900    0.975253
51950    0.943296
52000    0.93842
52050    0.92067
52100    0.956062
52150    0.951984
52200    0.956256
52250    0.959629
52300    0.948515
52350    0.924021
52400    0.931121
52450    0.966061
52500    0.939707
52550    0.982874
52600    0.931828
52650    1.00006
52700    0.931984
52750    0.926806
52800    0.935724
52850    0.967717
52900    0.957046
52950    0.963695
53000    0.972764
53050    0.909529
53100    0.92724
53150    0.951428
53200    0.92237
53250    0.919994
53300    0.961841
53350    0.906186
53400    0.97404
53450    0.96413
53500    0.95005
53550    0.930641
53600    1.00585
53650    0.934567
53700    0.917405
53750    0.953978
53800    0.921596
53850    0.95631
53900    0.899715
53950    0.926558
54000    0.931646
54050    0.947687
54100    0.900972
54150    0.966064
54200    0.946735
54250    0.951703
54300    0.924053
54350    0.978493
54400    0.967612
54450    0.940048
54500    0.942866
54550    0.933966
54600    0.954912
54650    0.968639
54700    0.952806
54750    0.968574
54800    0.988905
54850    0.901757
54900    0.927481
54950    0.956182
55000    0.965248
55050    0.915118
55100    0.923247
55150    0.932972
55200    0.941884
55250    0.907747
55300    0.941506
55350    0.973121
55400    0.96454
55450    0.997475
55500    0.918728
55550    0.94674
55600    0.961442
55650    0.995559
55700    0.968271
55750    0.946506
55800    0.979722
55850    0.935223
55900    0.93655
55950    0.934837
56000    0.933273
56050    0.937139
56100    0.981439
56150    0.916236
56200    0.895978
56250    0.931876
56300    0.935726
56350    0.909214
56400    0.950956
56450    0.956831
56500    0.923219
56550    0.969344
56600    0.941941
56650    0.9689
56700    0.946214
56750    0.957654
56800    0.964355
56850    0.925704
56900    0.920701
56950    0.935996
57000    0.920671
57050    0.930132
57100    0.947022
57150    0.930026
57200    0.938698
57250    0.947261
57300    0.924528
57350    0.946224
57400    0.924757
57450    0.92868
57500    0.940142
57550    0.901374
57600    0.929648
57650    0.925635
57700    0.908007
57750    0.973751
57800    0.948168
57850    0.978931
57900    0.926618
57950    0.953886
58000    0.931461
58050    0.943283
58100    0.924452
58150    0.909934
58200    0.937534
58250    0.947569
58300    0.912363
58350    0.92385
58400    0.933044
58450    0.953351
58500    0.904746
58550    0.919268
58600    0.954828
58650    0.928087
58700    0.929832
58750    0.908755
58800    0.931692
58850    0.920777
58900    0.909505
58950    0.980483
59000    0.920607
59050    0.933231
59100    0.900489
59150    1.0104
59200    0.903995
59250    0.911427
59300    0.892573
59350    0.907211
59400    0.94013
59450    0.873399
59500    0.960405
59550    0.937889
59600    0.902945
59650    0.972733
59700    0.936614
59750    0.895739
59800    0.931381
59850    0.939073
59900    0.937282
59950    0.956633
60000    0.937867
60050    0.902246
60100    0.960133
60150    0.946655
60200    0.923539
60250    0.902214
60300    0.909196
60350    0.920653
60400    0.934999
60450    0.92375
60500    0.902693
60550    0.903949
60600    0.908149
60650    0.949292
60700    0.956818
60750    0.906937
60800    0.923031
60850    0.910355
60900    0.944079
60950    0.914203
61000    0.912478
61050    0.996854
61100    0.913059
61150    0.884106
61200    0.912364
61250    0.96638
61300    0.94916
61350    0.909483
61400    0.939721
61450    0.917049
61500    0.900702
61550    0.919852
61600    0.92353
61650    0.910198
61700    0.946213
61750    0.907917
61800    0.901311
61850    0.940003
61900    0.915178
61950    0.935327
62000    0.931369
62050    0.890039
62100    0.925278
62150    0.905703
62200    0.9092
62250    0.910348
62300    0.883164
62350    0.947562
62400    0.89796
62450    0.921507
62500    0.957384
62550    0.909495
62600    0.923575
62650    0.935071
62700    0.92331
62750    0.926981
62800    0.927367
62850    0.939438
62900    0.894809
62950    0.945449
63000    0.922104
63050    0.940112
63100    0.923635
63150    0.896605
63200    0.946407
63250    0.902494
63300    0.937395
63350    0.920887
63400    0.917425
63450    0.939332
63500    0.958025
63550    0.927786
63600    0.902829
63650    0.933892
63700    0.936039
63750    0.93026
63800    0.897551
63850    0.896206
63900    0.938944
63950    0.896857
64000    0.90327
64050    0.899733
64100    0.960806
64150    0.92989
64200    0.90049
64250    0.936215
64300    0.936128
64350    0.942757
64400    0.918754
64450    0.921513
64500    0.925548
64550    0.927843
64600    0.961564
64650    0.897723
64700    0.926134
64750    0.901682
64800    0.933859
64850    0.883497
64900    0.924756
64950    0.921779
65000    0.917423
65050    0.910735
65100    0.907686
65150    0.897302
65200    0.935455
65250    0.908539
65300    0.949493
65350    0.911134
65400    0.935156
65450    0.930792
65500    0.908957
65550    0.926453
65600    0.962588
65650    0.892635
65700    0.929062
65750    0.913968
65800    0.928761
65850    0.888348
65900    0.929751
65950    0.899163
66000    0.944311
66050    0.939812
66100    0.897025
66150    0.940057
66200    0.951247
66250    0.964114
66300    0.955296
66350    0.901212
66400    0.925479
66450    0.88604
66500    0.916461
66550    0.917263
66600    0.942192
66650    0.93992
66700    0.921641
66750    0.946154
66800    0.898022
66850    0.942659
66900    0.939642
66950    0.900685
67000    0.936878
67050    0.904091
67100    0.882758
67150    0.91517
67200    0.960633
67250    0.900989
67300    0.91033
67350    0.936861
67400    0.867765
67450    0.949805
67500    0.920033
67550    0.918148
67600    0.913676
67650    0.90111
67700    0.94574
67750    0.95536
67800    0.92192
67850    0.881377
67900    0.885921
67950    0.887322
68000    0.920282
68050    0.907056
68100    0.924732
68150    0.893618
68200    0.894204
68250    0.878685
68300    0.902828
68350    0.916786
68400    0.935282
68450    0.924831
68500    0.905205
68550    0.936773
68600    0.927125
68650    0.914629
68700    0.924901
68750    0.931819
68800    0.930247
68850    0.874972
68900    0.897296
68950    0.919247
69000    0.877227
69050    0.875004
69100    0.867872
69150    0.923652
69200    0.901365
69250    0.912428
69300    0.896558
69350    0.873011
69400    0.907408
69450    0.870468
69500    0.900127
69550    0.862745
69600    0.894782
69650    0.90748
69700    0.8819
69750    0.916721
69800    0.896804
69850    0.946056
69900    0.922245
69950    0.899165
70000    0.89341
70050    0.914532
70100    0.914771
70150    0.923782
70200    0.876633
70250    0.897652
70300    0.908731
70350    0.900675
70400    0.924579
70450    0.907399
70500    0.949073
70550    0.982467
70600    0.90962
70650    0.915365
70700    0.904725
70750    0.900913
70800    0.909305
70850    0.908356
70900    0.884242
70950    0.928999
71000    0.922126
71050    0.925944
71100    0.900313
71150    0.887088
71200    0.953884
71250    0.913318
71300    0.920848
71350    0.923836
71400    0.890055
71450    0.877387
71500    0.922726
71550    0.920842
71600    0.921935
71650    0.909945
71700    0.94495
71750    0.944957
71800    0.948478
71850    0.884782
71900    0.905752
71950    0.900566
72000    0.916899
72050    0.858501
72100    0.870619
72150    0.888518
72200    0.885946
72250    0.91764
72300    0.884439
72350    0.909477
72400    0.915237
72450    0.937214
72500    0.909921
72550    0.923737
72600    0.9447
72650    0.903301
72700    0.903191
72750    0.870358
72800    0.867217
72850    0.896453
72900    0.869598
72950    0.901839
73000    0.88513
73050    0.894487
73100    0.883099
73150    0.887345
73200    0.937777
73250    0.934744
73300    0.869746
73350    0.896497
73400    0.911543
73450    0.89155
73500    0.912069
73550    0.947691
73600    0.908229
73650    0.914616
73700    0.864576
73750    0.925092
73800    0.921302
73850    0.923827
73900    0.919359
73950    0.895316
74000    0.912085
74050    0.927584
74100    0.886257
74150    0.885546
74200    0.914976
74250    0.897753
74300    0.879603
74350    0.904035
74400    0.903821
74450    0.889571
74500    0.884536
74550    0.904629
74600    0.891907
74650    0.91455
74700    0.904852
74750    0.945599
74800    0.892127
74850    0.884145
74900    0.910056
74950    0.916893
75000    0.922423
75050    0.910716
75100    0.944591
75150    0.896739
75200    0.873513
75250    0.884948
75300    0.899628
75350    0.883635
75400    0.881497
75450    0.899587
75500    0.889412
75550    0.915847
75600    0.881302
75650    0.868457
75700    0.882365
75750    0.876237
75800    0.887525
75850    0.884617
75900    0.944655
75950    0.9115
76000    0.905332
76050    0.895339
76100    0.925745
76150    0.877746
76200    0.925465
76250    0.900303
76300    0.883337
76350    0.89047
76400    0.906371
76450    0.919479
76500    0.927747
76550    0.913537
76600    0.930817
76650    0.921038
76700    0.895989
76750    0.97402
76800    0.894685
76850    0.874297
76900    0.947441
76950    0.918886
77000    0.863878
77050    0.921374
77100    0.906721
77150    0.90895
77200    0.863319
77250    0.937718
77300    0.908363
77350    0.893953
77400    0.862189
77450    0.93503
77500    0.942569
77550    0.900689
77600    0.950738
77650    0.911003
77700    0.886275
77750    0.868258
77800    0.9075
77850    0.866057
77900    0.867059
77950    0.888636
78000    0.928156
78050    0.882777
78100    0.891289
78150    0.872616
78200    0.939202
78250    0.880209
78300    0.890908
78350    0.930906
78400    0.908114
78450    0.880575
78500    0.930538
78550    0.870756
78600    0.904199
78650    0.916316
78700    0.929738
78750    0.901996
78800    0.886015
78850    0.867583
78900    0.925117
78950    0.915606
79000    0.86185
79050    0.901598
79100    0.912258
79150    0.884878
79200    0.892111
79250    0.918963
79300    0.914296
79350    0.886226
79400    0.897331
79450    0.904458
79500    0.917274
79550    0.899685
79600    0.857818
79650    0.90208
79700    0.892657
79750    0.89404
79800    0.910995
79850    0.902257
79900    0.910506
79950    0.929072
80000    0.902165
80050    0.87194
80100    0.897311
80150    0.889173
80200    0.973232
80250    0.934122
80300    0.915503
80350    0.871916
80400    0.9261
80450    0.90659
80500    0.920635
80550    0.885857
80600    0.919443
80650    0.89211
80700    0.885783
80750    0.899697
80800    0.896419
80850    0.876456
80900    0.927558
80950    0.89565
81000    0.912732
81050    0.905339
81100    0.88607
81150    0.891384
81200    0.919495
81250    0.884867
81300    0.876129
81350    0.889729
81400    0.881175
81450    0.902911
81500    0.885984
81550    0.878088
81600    0.900912
81650    0.906675
81700    0.901325
81750    0.886965
81800    0.913235
81850    0.877789
81900    0.886145
81950    0.888881
82000    0.896208
82050    0.929158
82100    0.891027
82150    0.908564
82200    0.901617
82250    0.889
82300    0.871934
82350    0.900973
82400    0.89495
82450    0.887802
82500    0.876495
82550    0.883405
82600    0.885879
82650    0.885566
82700    0.893371
82750    0.906887
82800    0.872329
82850    0.880392
82900    0.921016
82950    0.894691
83000    0.862431
83050    0.894883
83100    0.865357
83150    0.926711
83200    0.866417
83250    0.89489
83300    0.884379
83350    0.877727
83400    0.890904
83450    0.883226
83500    0.889667
83550    0.901521
83600    0.889784
83650    0.885119
83700    0.916618
83750    0.902006
83800    0.890916
83850    0.866017
83900    0.876045
83950    0.886887
84000    0.89117
84050    0.885302
84100    0.889395
84150    0.922788
84200    0.885227
84250    0.892718
84300    0.884894
84350    0.874299
84400    0.895727
84450    0.87464
84500    0.880697
84550    0.867059
84600    0.874011
84650    0.885446
84700    0.889986
84750    0.888686
84800    0.877038
84850    0.872992
84900    0.905683
84950    0.878886
85000    0.868384
85050    0.87229
85100    0.889643
85150    0.922563
85200    0.881502
85250    0.890587
85300    0.879753
85350    0.909947
85400    0.871375
85450    0.891962
85500    0.906051
85550    0.891299
85600    0.878082
85650    0.873759
85700    0.860935
85750    0.852686
85800    0.873636
85850    0.862345
85900    0.882649
85950    0.874579
86000    0.904555
86050    0.875162
86100    0.893256
86150    0.899505
86200    0.872549
86250    0.891173
86300    0.875724
86350    0.870014
86400    0.874673
86450    0.904316
86500    0.869365
86550    0.904043
86600    0.910418
86650    0.906954
86700    0.88016
86750    0.874617
86800    0.887461
86850    0.890865
86900    0.898762
86950    0.891322
87000    0.880027
87050    0.874717
87100    0.874582
87150    0.86976
87200    0.860527
87250    0.894593
87300    0.851411
87350    0.866273
87400    0.881612
87450    0.903164
87500    0.873475
87550    0.879308
87600    0.936553
87650    0.874193
87700    0.884392
87750    0.892434
87800    0.868949
87850    0.903016
87900    0.879576
87950    0.884667
88000    0.859149
88050    0.866663
88100    0.928427
88150    0.897071
88200    0.908202
88250    0.91697
88300    0.899986
88350    0.891327
88400    0.86413
88450    0.88059
88500    0.866993
88550    0.890709
88600    0.91339
88650    0.914249
88700    0.885432
88750    0.901461
88800    0.898718
88850    0.930853
88900    0.864909
88950    0.853949
89000    0.89386
89050    0.862
89100    0.857472
89150    0.874446
89200    0.870925
89250    0.886565
89300    0.880381
89350    0.852207
89400    0.89547
89450    0.868349
89500    0.890758
89550    0.896048
89600    0.872694
89650    0.932973
89700    0.890578
89750    0.880009
89800    0.880183
89850    0.891528
89900    0.89917
89950    0.875556
90000    0.92424
90050    0.87705
90100    0.898958
90150    0.88627
90200    0.901685
90250    0.890175
90300    0.888615
90350    0.911799
90400    0.880549
90450    0.875112
90500    0.882897
90550    0.880919
90600    0.872471
90650    0.873144
90700    0.885757
90750    0.867961
90800    0.883044
90850    0.886082
90900    0.906126
90950    0.896267
91000    0.867071
91050    0.915463
91100    0.882245
91150    0.86815
91200    0.856811
91250    0.881557
91300    0.925248
91350    0.881926
91400    0.872807
91450    0.863294
91500    0.879875
91550    0.902761
91600    0.86512
91650    0.894264
91700    0.876549
91750    0.867439
91800    0.912451
91850    0.86852
91900    0.851649
91950    0.875996
92000    0.852503
92050    0.873805
92100    0.862589
92150    0.899339
92200    0.871298
92250    0.860686
92300    0.862109
92350    0.881996
92400    0.866378
92450    0.879691
92500    0.91245
92550    0.913937
92600    0.878769
92650    0.860884
92700    0.873986
92750    0.87985
92800    0.882198
92850    0.903246
92900    0.880943
92950    0.871808
93000    0.881673
93050    0.897915
93100    0.900926
93150    0.906844
93200    0.872862
93250    0.860144
93300    0.890443
93350    0.884935
93400    0.876386
93450    0.894543
93500    0.884077
93550    0.882638
93600    0.894988
93650    0.858252
93700    0.895607
93750    0.920317
93800    0.887473
93850    0.861884
93900    0.870405
93950    0.876602
94000    0.873985
94050    0.867747
94100    0.858941
94150    0.881002
94200    0.871844
94250    0.865871
94300    0.878725
94350    0.859717
94400    0.875015
94450    0.891153
94500    0.887591
94550    0.877143
94600    0.882836
94650    0.882452
94700    0.875587
94750    0.856285
94800    0.890037
94850    0.903874
94900    0.884025
94950    0.88506
95000    0.909865
95050    0.874909
95100    0.881513
95150    0.878106
95200    0.892743
95250    0.890426
95300    0.870671
95350    0.866761
95400    0.860191
95450    0.908234
95500    0.880953
95550    0.871746
95600    0.887272
95650    0.882406
95700    0.885945
95750    0.861187
95800    0.879445
95850    0.870696
95900    0.863328
95950    0.871679
96000    0.903771
96050    0.882796
96100    0.872017
96150    0.860296
96200    0.900604
96250    0.893921
96300    0.89176
96350    0.906039
96400    0.880174
96450    0.861945
96500    0.909647
96550    0.876294
96600    0.870459
96650    0.872724
96700    0.892911
96750    0.853361
96800    0.886424
96850    0.899584
96900    0.899506
96950    0.8759
97000    0.875319
97050    0.880841
97100    0.88666
97150    0.910098
97200    0.894421
97250    0.861274
97300    0.871606
97350    0.876372
97400    0.878239
97450    0.855447
97500    0.88786
97550    0.867812
97600    0.888345
97650    0.879769
97700    0.875305
97750    0.87069
97800    0.861047
97850    0.922135
97900    0.882304
97950    0.880297
98000    0.865582
98050    0.864137
98100    0.875886
98150    0.857202
98200    0.858381
98250    0.847513
98300    0.878372
98350    0.874357
98400    0.862234
98450    0.859894
98500    0.870299
98550    0.862834
98600    0.892944
98650    0.873386
98700    0.909709
98750    0.870145
98800    0.927996
98850    0.885031
98900    0.871383
98950    0.886638
99000    0.876919
99050    0.905266
99100    0.869116
99150    0.877951
99200    0.884213
99250    0.863804
99300    0.849647
99350    0.913454
99400    0.912194
99450    0.865975
99500    0.873122
99550    0.886666
99600    0.877597
99650    0.877776
99700    0.868249
99750    0.867354
99800    0.878457
99850    0.851442
99900    0.872908
99950    0.90127
100000    0.841395